-5.796473384528412209e-01 8.525335121938598659e-01
-1.290491201454739278e-01 9.847853083341586711e-01
1.848016482721591025e+00 -2.825180890098801662e-02
5.350934735314134133e-03 4.078253198637879495e-01
2.749563637916184744e-01 1.057176464981097963e+00
4.566620493120693985e-02 1.226023016880414263e-01
7.365236522422216048e-01 -4.742567641906248466e-01
-1.032043972853036173e+00 1.883560980857031664e-01
1.367047946801084324e-01 1.248673025081303012e-01
1.017933766118144678e+00 -4.720119050395001903e-01
3.851517579803689917e-01 -2.367938536561580154e-01
-6.318218341233491353e-01 8.458937639901311645e-01
-4.151886838421412484e-01 9.297110538644010047e-01
1.483226003055331033e+00 -2.998794214371780509e-01
3.915775350652634934e-01 9.968430140375518222e-01
1.047059977223403715e+00 2.072948557979699125e-01
-3.393133203003654286e-01 9.148903814535362944e-01
9.240261244129294171e-01 5.545095096668382906e-02
8.585236100615866173e-01 5.742579417927724528e-01
5.008035819486288814e-03 2.383106225816373769e-01
6.192135384256373110e-01 -4.276375200809521271e-01
-6.827958102640907523e-01 7.728680159251156701e-01
9.944623185139619403e-01 -4.113391495481054649e-01
1.032980807000921208e+00 3.348724410777482730e-01
8.828953442486509040e-02 1.805302161302670960e-01
-8.545161632366434779e-01 4.939841111994181522e-01
-8.635239445322804297e-01 4.173800046781654949e-01
-2.215886312483506537e-01 9.635910357140963223e-01
8.772348211439382482e-01 -5.417953544277269717e-01
9.935784181794734549e-01 2.468486273721464952e-01
3.633943209450353207e-01 1.010632221849985024e+00
-8.043210053738706344e-01 5.237234042400998879e-01
2.639804098047173198e-01 -6.143297265716123057e-02
1.853769453567525760e+00 1.589483179238449645e-02
-4.056971442997799882e-01 9.506098126697036799e-01
-3.647507372660255265e-02 1.031548220548798911e+00
9.096407287168999378e-01 4.101073597278293015e-01
6.854362385018385462e-01 -3.791756342705884797e-01
9.765396219325684912e-01 5.608146108190920076e-02
2.027448255647541941e+00 3.756624475645754524e-01
2.012090292549268966e-01 -5.868589058505602890e-02
-9.387494916573704273e-01 3.307549184028709122e-01
6.838129983324972572e-02 9.902438642354682852e-01
7.734679262838570768e-01 6.400300953246785829e-01
1.762831510869145690e+00 -1.803134629931774646e-01
1.629119856399376509e+00 -2.293289910578683310e-01
1.005795751915171010e+00 3.036354840421578993e-01
1.855396890058993442e-01 -8.936390487441581154e-02
-6.449597994631923736e-01 6.417203123430460510e-01
2.495130627874609375e-01 -1.920831715196911760e-01
4.878820127596299461e-01 -3.658838253212468028e-01
-9.359793241137726039e-01 4.330190849658586139e-01
7.221217231375348655e-01 7.112529282694236565e-01
-9.887107621887991638e-01 1.920299385395239644e-02
-2.497484874526929022e-01 9.504364971275420793e-01
9.073847156110588230e-01 2.511056984582117901e-01
5.232454003617212912e-01 8.166522927473955917e-01
-1.033628175870952237e+00 2.034795510251912742e-01
1.135260838463151151e-01 2.443307115217591419e-01
-1.582770453312388192e-01 9.529323585359056326e-01
1.500578741978349395e+00 -3.897578896572701512e-01
1.629615643840103489e+00 -2.281839303312506728e-01
9.802696126132900423e-01 3.323423559498595581e-01
-1.081743776215700059e+00 1.567069080293987532e-02
1.967674599811878977e+00 5.785935924765742144e-02
-9.349996608949575627e-01 1.096010696872945223e-01
-3.825920751137329434e-01 9.631455500378666157e-01
1.463419659007825224e+00 -3.893400466918680025e-01
-2.714538523710733342e-01 8.643323332648189528e-01
9.921511976122374676e-01 3.725472961391476656e-01
1.904692889853680349e+00 2.019700136404071755e-01
6.136659832876556475e-01 7.766107483625336316e-01
1.351614238455258299e+00 -3.903634540494813621e-01
2.029159802383630140e+00 3.110277625940184865e-01
1.853612576631479270e+00 8.063460603645628000e-02
-8.888458101003292589e-01 4.210031531075838496e-01
-9.595922245120480643e-01 1.594551389991828994e-01
7.459849592540513941e-01 -4.474743943427645365e-01
-7.778557684174206566e-01 6.473270460362150480e-01
6.765731999416865206e-01 6.707900276769452885e-01
-9.876491474816936900e-03 9.982187268752440445e-01
1.228429083702502256e+00 -4.459067406380978760e-01
-7.746882695947723274e-01 6.193873768685228542e-01
2.994553474007271010e-01 -6.868752205338403416e-02
6.788426258872455321e-01 -4.484762114428282875e-01
7.389412605669293255e-01 -5.055169272735282604e-01
-6.206126500268202006e-01 6.780256608790169448e-01
1.555532995940476892e+00 -3.371238521552939460e-01
9.560166626212243113e-01 2.918025455076111996e-01
-3.313987729649534031e-02 9.461716787361521552e-01
1.038566962637092805e+00 1.147119758524773325e-01
-4.715776619750790960e-02 9.771984249255610822e-01
2.033950628913071323e+00 1.853259488322396287e-01
2.063087965683619185e+00 3.245458132250267358e-01
1.035075735736912028e+00 8.285283070551369144e-02
9.766681247462838389e-01 2.844496789249481225e-02
1.856691621775687917e+00 -1.754222131251814698e-02
-9.988744729387598609e-01 1.430026387267242516e-01
2.008458934199795820e+00 4.511935222962662473e-01
-5.919822432184379535e-01 8.514335349287558419e-01
1.997197455701373636e+00 3.555055957234365960e-01
-1.030716841746744716e+00 1.119862626118394294e-01
-4.905512363717879354e-01 8.603368531468861269e-01
4.980958848354412605e-01 8.426582216409773674e-01
1.317728090206393698e-01 1.007060021184663201e+00
-6.266572573202104923e-01 7.557006055727270022e-01
8.095952689728355134e-01 6.861256448752866000e-01
7.841580680150952443e-01 -4.531945411548464753e-01
6.797508215659813224e-01 -4.346138781606705970e-01
-7.718316546540771039e-01 7.844385699394279543e-01
1.069617742010115391e+00 -4.975098681298872894e-01
-8.829168492036943983e-01 5.546108168318323317e-01
9.551807720450176120e-01 -3.284805253489288257e-02
7.834387693489033855e-02 -1.512009877449328743e-02
7.721223096563580857e-01 -4.931253982088660281e-01
-7.990455754726576432e-01 6.424332359360547251e-01
4.607818889504307625e-01 -3.945902449975108306e-01
1.803054773002559452e+00 -4.742184704165940123e-02
4.495860281550829174e-01 -2.919823049704586282e-01
-6.015976353779630692e-01 8.775820045797920743e-01
8.318524858133856670e-01 3.727257836256916423e-01
1.671404216480772531e+00 -2.335007049301598969e-01
3.019123791996101147e-01 -3.252266483336830327e-01
-4.346723124574778940e-01 7.773083761482872944e-01
1.062915946100911668e+00 -4.880875623702070065e-01
-9.624594916105340126e-01 2.955551971732424121e-01
1.840562336595559012e+00 -7.216587438922814068e-02
1.260581937567703648e+00 -4.849709381478303216e-01
1.268007327621012870e+00 -4.498902922148809713e-01
1.855914331769251024e+00 -2.095267584182064144e-02
5.366198923385369079e-01 7.520532819222327525e-01
1.391349138154542864e-01 1.192054797649845926e-01
-8.539422386720734170e-01 5.039437773586643576e-01
1.714010342394885367e+00 -1.763559090708272659e-01
-9.447552238175187522e-01 2.289239020681038406e-01
1.875345384100716162e+00 -3.036687845671751096e-05
-6.847822080404099010e-01 6.898982467057401813e-01
1.902912137447627661e-01 -1.265938670805510924e-01
1.959789739100188388e+00 5.479215191296140652e-01
1.922453692331927533e+00 3.221717770515314383e-02
8.256164665901158939e-01 -4.375967023573432146e-01
2.034888295184844154e+00 3.284054177332810243e-01
8.929732125916918228e-01 4.807059424241300616e-01
6.133412169003283898e-01 -4.195586055322836905e-01
-2.115811873382998642e-02 3.404424214226933199e-01
1.527865430205201269e+00 -3.484642725157958698e-01
1.420789898058459455e+00 -4.720228932096543484e-01
-9.489430902550466396e-01 1.680279989649795525e-01
5.385367649446012317e-01 8.057317052111853117e-01
2.996854556165847172e-01 -2.379827094734880411e-01
9.273705618662318739e-02 1.005547872805794052e+00
-1.102128785632528057e-01 1.018053952633675374e+00
7.410848240305527579e-01 6.013305838199225484e-01
2.000258006625206697e+00 2.827779278035677524e-01
9.129259968850385321e-02 5.954871481504465935e-02
3.351128224366770048e-01 -2.364651627070781803e-01
-5.014018919463877344e-01 9.275731090821347502e-01
-8.712065283470673549e-01 4.437378113750956032e-01
-1.082500048450599550e+00 9.965412540564222432e-02
1.591465862917368579e+00 -2.058617048707822306e-01
7.713701335758860189e-02 1.314705142664647219e-01
9.297379760728784470e-01 3.530254586230938685e-01
-4.085588115891664041e-01 8.457971615549797484e-01
1.193482476634082773e-01 1.018142126377263201e+00
6.880809436852021177e-01 -3.943766999265048145e-01
1.511086299707440350e+00 -4.453715422434188498e-01
1.838841223160976757e+00 -1.442108616260040499e-01
3.944770007157478997e-02 3.975843504658943539e-01
-6.653231911445633973e-01 7.582677437927548558e-01
1.744987586714650485e+00 -1.056120980270649351e-01
1.514218548484825844e+00 -3.129530854439801502e-01
1.822061891799031663e-01 -2.026149571563540253e-01
1.886555465916384955e-01 1.017597168467779811e+00
8.162816161570820572e-01 5.650123159937673334e-01
1.318359249101170416e+00 -4.794244076886508554e-01
3.567626692598214189e-01 9.093685438443807056e-01
4.899455310946215225e-01 8.044133546209106811e-01
1.633402133084225660e+00 -2.152833939074684511e-01
1.252428900835406811e+00 -5.483645256264708667e-01
1.996247264004985311e+00 4.834952417628576304e-01
4.424901444487937541e-01 8.973093526054085611e-01
5.545177038745117137e-01 -4.590775173200232762e-01
1.492703994962534253e+00 -4.078498692067776821e-01
3.866933594709813793e-01 -3.253008706162249242e-01
2.991945645934174225e-01 1.042390264593285210e+00
9.937367860049070023e-01 9.829913780465804329e-02
-7.733102863632123070e-01 7.302877344430914741e-01
1.414593092196687329e-01 9.451274423305239258e-01
3.910630321657132535e-01 9.243012146712756838e-01
1.385003087906057528e+00 -3.320688738130032625e-01
7.345638488367634000e-01 -5.190978774587753364e-01
1.091297623507790249e+00 -3.256652075672404889e-01
8.941156322376255794e-01 3.647588294151904442e-01
8.207039024757978307e-01 5.526562612217545967e-01
8.832011480416586124e-01 4.549115678326817735e-01
1.964087221459126509e+00 2.874644902813339731e-01
6.822492489817327810e-01 -4.167037528708454341e-01
4.215522246202265677e-01 -3.480836163136298289e-01
2.762433492587287320e-01 -2.066667707097618600e-01
-7.966869415290395162e-01 6.664778584653902049e-01
-4.680695818201580094e-01 8.329610436191220435e-01
9.679722664913937846e-01 3.425087257528687257e-01
-5.321090305185620650e-01 8.482988585930087977e-01
1.205125399694901289e-01 3.383546919171817602e-02
2.000119345205320531e+00 1.718937536612054062e-01
1.852340036690298397e-01 8.852740533178043991e-01
3.869736154413238038e-01 -4.254820934750218608e-01
-7.670744546354473226e-01 6.516054701214419875e-01
9.787886237522844812e-01 2.480505155194213107e-01
-7.523022241578380953e-01 7.601880392485973470e-01
1.328690807358044124e+00 -3.692787832564807249e-01
-1.810313263307593290e-01 9.085688803098548316e-01
-8.233820493615018332e-01 6.322315971575153126e-01
5.890936014983273461e-01 -4.043516917805184963e-01
-8.047106198372755426e-02 9.867690196658855939e-01
1.547762187120727884e+00 -3.787273376990065721e-01
-9.872952999788409123e-01 3.409732743592223669e-01
2.494574971529329999e-01 -2.540921956933885340e-01
1.122092803170262165e+00 -3.956968986941147293e-01
6.859666176301317808e-01 -3.988203163340691693e-01
9.610463527871031253e-02 1.169345114827973070e-01
5.542656356503780080e-01 9.635816860664586647e-01
1.655733060808076473e+00 -2.466696154340087821e-01
1.181490415837789021e+00 -4.751938795196841703e-01
7.421456434477328168e-01 5.225819584338736723e-01
1.291670866861142075e+00 -5.534958071511473232e-01
1.889067886285399345e+00 3.989745689903979181e-02
4.382586063630772855e-01 8.474869472285597727e-01
1.119932533459939483e+00 -4.509983527158878402e-01
1.711277161998189689e+00 -1.311588443267935333e-01
-2.011546683437176464e-01 1.036997483189668667e+00
2.032667218398664932e+00 3.723093024395085493e-01
3.619698372059722558e-01 9.735621541567081039e-01
1.863016161464999820e+00 9.482408982490229954e-02
7.263005779841759102e-01 6.358512646472536112e-01
1.220066560387041754e+00 -4.619062017705209411e-01
-1.000723250357871130e+00 2.095067152022802304e-01
-1.039244770512907312e+00 1.317219316394502293e-03
-5.726084936311779394e-01 8.408826182700706031e-01
3.754271943240392040e-02 1.005770475179213336e-01
2.001417536234003869e+00 1.968249058979928967e-01
1.638041854781663587e-01 -1.066396942042250884e-01
-8.674121041337607974e-01 6.231865953638273670e-01
2.039453679870211755e-01 1.029812611421248247e+00
3.428903194682862976e-01 -2.457595925535550341e-01
6.172413319471526938e-01 -4.391979215069272136e-01
1.029802297167073388e-02 2.260432699991940797e-01
1.971267179742301812e+00 2.728754062456939522e-01
-4.229689198296737174e-01 9.032855242521280470e-01
6.511170844131987101e-01 -3.620646233861459784e-01
-9.605997471398679544e-01 4.282180818193973559e-01
3.943800963524316527e-01 9.000486975090310482e-01
8.076835631045097275e-01 3.227918942991236384e-01
1.646260388980600009e+00 -1.977102649434990811e-01
1.425962704008090776e-01 8.649063914505319417e-01
-9.885995704013247343e-01 9.679900087545655063e-02
9.969013445838192933e-01 -6.155923515148765679e-01
-4.660612181166606804e-02 1.026391203743621139e+00
-1.680719400257273677e-01 1.025003528766569749e+00
7.551243374199696490e-01 -4.651844635510601900e-01
-1.006593742654724011e+00 1.447506494313100522e-01
4.054950268478173525e-01 -2.390193034785459136e-01
4.721577451742984266e-01 -3.859494240501479267e-01
-3.501940479898167924e-01 9.337038356172633335e-01
1.952987802976529741e+00 2.504856893238294746e-01
1.691075619456845036e+00 -2.218571091309840815e-01
4.185830374015813704e-01 -1.676750851634863926e-01
2.719161769260832751e-01 9.423603591455206319e-01
-2.078904310551100976e-01 8.994790562717821514e-01
-1.723792760400597590e-01 9.982140285084208919e-01
9.341022820454696340e-01 5.248924482052605978e-01
4.158621603520444299e-01 9.780335328208350498e-01
-4.099081409343813265e-02 1.062640590042982724e+00
1.001301906122785690e+00 -5.547807297993706532e-01
1.353705879137555135e+00 -4.840322111174996667e-01
1.507332370131264920e-01 -4.444317455266343780e-02
3.910835551395784870e-01 -3.126659702032080768e-01
8.793469765706870556e-01 -5.774742130362265913e-01
1.817724612143750473e+00 -4.190499947820936627e-02
5.927453910830912109e-01 -3.850575967700535784e-01
1.746062900606787816e+00 -2.343794347933039202e-01
5.369676462252211957e-01 7.326898340464964576e-01
1.926147521787530792e+00 2.063047412681962289e-01
-4.507874073066748255e-01 9.044214171967640548e-01
1.923719423590664723e+00 1.226517475710734995e-01
-5.981099781261599302e-02 2.850336533586033672e-01
3.569940698615596264e-01 -2.632814787513628185e-01
5.395671346331381013e-01 -3.237542490004012841e-01
5.485145626271108465e-01 -3.816351980009397571e-01
5.216529240042431237e-01 -3.235797730240380088e-01
1.324397320996957061e+00 -3.966974949188399324e-01
-2.341012645593872066e-02 2.792944178504703223e-01
-4.805242453367484373e-02 5.882650510956184409e-01
1.584224419053027688e+00 -2.603561586975473574e-01
9.609536927957670338e-01 1.618870108393251350e-01
4.767745263311663484e-01 -3.056745174045839564e-01
1.874060763055872991e+00 4.835287314782970580e-01
1.202547893361529396e-01 6.034445257362757581e-02
-7.626992559781315961e-01 6.622888844849806889e-01
8.467260201283013377e-01 -4.898118260166194893e-01
1.515466404620290808e+00 -4.816359068007460831e-01
1.564140502046209358e+00 -3.119704221308797765e-01
6.981672929026642993e-02 5.385726290162351493e-01
-8.145146247357197833e-01 3.831907317744978614e-01
-1.967325265620647468e-01 1.010517044427108990e+00
1.685553578047529338e-02 9.596579355081588103e-01
2.015424173988266399e-01 -7.964416946206656633e-02
2.040617589178296942e+00 4.377240619660244803e-01
1.943276119248511957e+00 4.035440031928829718e-01
1.971818658718869077e+00 3.255946281137238607e-01
-2.915250897160419699e-02 5.762714950132676872e-01
1.792657044191861893e+00 -1.072371542359123742e-01
1.229695553487077098e-01 2.835035780362724078e-01
9.058715738209462132e-02 1.349227169773430379e-01
8.163060168526327098e-01 4.070961640676228899e-01
1.048593691043807619e-01 3.838114504905701940e-01
1.049716074070686789e+00 1.360325386040389384e-01
5.647536809766489085e-01 8.155753286278865088e-01
1.685085987870370783e+00 -1.852259576131612406e-01
9.769982512102621808e-01 4.714477307219154534e-02
5.334737734437300372e-01 7.763088853365682773e-01
-1.742532549941130660e-01 1.009337452564406545e+00
9.290765730892603935e-01 -4.493748197790220500e-01
-7.008091700419726289e-01 7.709834002279378762e-01
6.613094502900516147e-01 6.954913838356803213e-01
3.725234389214884811e-01 -2.755809249375567593e-01
1.651720392453358000e-01 -8.113383279881385135e-02
4.491866608200261735e-01 8.786710861877208290e-01
-1.013171213883922173e+00 2.518216658088957005e-01
-4.199719922108832160e-01 9.133216967843668099e-01
1.992012914547552249e+00 3.104149886372746248e-01
8.584323019928220555e-01 -4.307061618013657278e-01
1.953038098454987104e+00 3.444285403603419282e-01
7.123556300268093500e-01 7.801143813766203694e-01
1.758702955471031171e+00 -1.638394520320818337e-01
1.312011718530558202e+00 -4.370849381724282168e-01
1.944448661044192894e+00 2.354198777718164437e-01
1.058152324369548092e+00 2.022510805600921946e-01
9.531598767918891824e-02 3.586956747498860065e-01
2.463211115152751374e-01 -1.896519846966031042e-01
8.839152247195614098e-01 4.341551687447134378e-01
1.690966441774632623e+00 -1.296070062083808094e-01
2.547174605791523161e-02 1.013957987298862440e+00
-8.951095285066450469e-01 4.118936103782098318e-02
4.340788099438055991e-02 4.227858161401034653e-01
2.288171272989325822e-01 -1.892035327945769951e-01
5.278931333888258193e-01 -3.797290233064556930e-01
9.349370505872086623e-01 4.529241266836516733e-01
1.425826687308581420e+00 -3.483550916152043930e-01
8.138527741190695330e-01 6.470906497970070337e-01
8.209653940502374958e-01 -4.982346721144075841e-01
6.189330663806965616e-01 8.216480401775017040e-01
1.046187437598376180e+00 1.240508149352888279e-01
1.835701142876808190e+00 -7.740060730424194735e-02
-4.269671968823416375e-01 9.531239276316684217e-01
3.048417855316779557e-01 9.177459342408629261e-01
-2.469768782625550996e-01 9.692085642930492462e-01
1.022634486140182458e-01 2.915375979756702415e-02
2.066743598907122337e+00 4.744841848903771919e-01
-9.328384788428902841e-01 3.605739483364501785e-01
6.032429384093204172e-01 8.279839498791640162e-01
6.354803046698560554e-01 7.230889681338071862e-01
9.452143272598315660e-01 -5.879309552721548870e-01
6.954031583764366808e-02 1.179748564918436798e-01
1.427866545986971936e+00 -3.545394840960127691e-01
9.563588806199576631e-01 -4.243804717286611128e-01
8.995848158947635786e-01 5.117632112373439179e-01
-8.072062176614577256e-01 3.022204134365737982e-01
1.418833427741926778e-01 1.267714102110033547e-01
-1.531681058429503611e-02 4.885577827918177185e-01
6.247548788947263620e-01 6.231930548312616391e-01
9.428754125406587638e-01 4.609925993933062238e-01
2.018237724733350724e+00 4.715202704324990557e-01
-3.994172036714395690e-01 8.857019052418884097e-01
1.014468968911570013e+00 1.248943952738196944e-01
-4.889401330886039565e-01 9.257639164099501494e-01
-9.845463130977556432e-01 2.346214110732662006e-01
-9.605539282543719137e-01 1.448287224666133521e-01
8.036726291072658901e-01 6.479469442342573604e-01
1.420212823450385908e+00 -4.313618182375151822e-01
-5.676612028341215810e-01 8.360126972667746292e-01
1.782075752678217162e+00 1.987508469122684779e-02
-9.876861776840226703e-01 2.733566325182701928e-01
1.566463968109363947e+00 -2.951214491555890218e-01
-9.767039593118118646e-01 -6.511814161095430542e-02
5.419716439337444180e-01 8.591837298853728377e-01
-4.136288728665667852e-03 3.145314627159818133e-01
4.903493626497195113e-01 8.453070596291618610e-01
9.893900315981977167e-01 1.238721803580632719e-01
-1.033935705892944368e+00 2.261609229904512075e-01
-8.508569790336126260e-02 9.961304971850656331e-01
1.940527558924529661e+00 2.101324251563153889e-01
7.645562998478556693e-01 -4.968986095073889553e-01
1.262040204532914878e-01 -1.121400419640653512e-01
1.461750598196331241e+00 -3.956443309236535311e-01
1.482483138034352610e+00 -3.280153126782938688e-01
2.545760107118140159e-01 -2.189777144582305546e-01
1.320512841604225551e+00 -4.518825477021475856e-01
6.094491370553080101e-01 7.296833335471348825e-01
1.954156774513084116e+00 2.179567058655840495e-01
3.747778822646150032e-02 2.537257926360035887e-01
3.300208113189470049e-01 9.528584840480750495e-01
1.654396679064030484e-01 1.090490261895299406e-01
9.443923769482552855e-01 -5.203536648758532168e-01
6.055480925878271858e-03 3.720829811143126498e-01
1.159979867209637305e+00 -5.474679237003580168e-01
1.264419881902964837e+00 -4.427331858103710771e-01
-7.870874271849209736e-01 4.283425736124785166e-01
1.561856526860889494e+00 -2.623272075083009081e-01
9.406294576124413220e-01 4.237029775218765781e-01
-6.603313641531020073e-01 7.492172146604361149e-01
-1.479581835053824790e-01 1.015951896531880783e+00
-7.371273220846670249e-01 6.026762958190757802e-01
1.713540099990876309e+00 -1.267310954341164531e-01
-4.110432330009027302e-01 9.087094190046488551e-01
7.932144931621504247e-01 4.917583502506582271e-01
1.509141144181433081e+00 -4.161479639706658351e-01
-7.435385803207797961e-01 5.369636792440393158e-01
-9.908851976094583680e-01 1.571973534015171092e-02
-6.615107958947361033e-02 4.593124274524445494e-01
1.955023830125769635e+00 3.130635694730337093e-01
-3.185688438842866899e-01 1.002445896786100965e+00
-5.503325707976070014e-02 2.723922792852105923e-01
9.766828331010859454e-01 3.545629688989356820e-01
-3.177539659050804821e-01 9.855358407094167994e-01
-1.191052088880034110e-01 4.403560616372663716e-01
8.743692777150043893e-01 3.916394361075095643e-01
7.367826161711656940e-01 6.231926171599678765e-01
1.888946576828685719e+00 -5.380599351182420442e-02
-7.205775251186770092e-01 7.366732710221238767e-01
-3.239779516592114494e-01 9.590441005297887234e-01
9.459099948007608782e-01 -6.401899706983735783e-01
1.072467286395021979e+00 2.003251851889646384e-01
3.703162499977071254e-01 9.825855772735647697e-01
-9.212187470782979837e-01 4.373563954418737132e-01
6.116618810189778932e-01 7.854861328260465125e-01
2.252795108839343030e-01 -2.093626604029724392e-01
1.278224414130038511e+00 -4.671283773128382388e-01
-8.516295525040807890e-01 4.207662856260008244e-01
7.455347682806005016e-01 7.715508451810116908e-01
6.723061188729531068e-01 6.990599552540560646e-01
5.036701930859267123e-02 2.284104249664551944e-01
-7.264282378070545665e-01 6.785339080003486290e-01
1.890278070215186235e+00 9.897536244600058097e-02
-8.633483368111627421e-01 4.852297838094528082e-01
1.238531042975423713e-01 -9.748532979625364192e-02
-1.760312861740971901e-01 9.677146182137543740e-01
1.080607362013212613e+00 -4.919566209758280406e-01
4.320505698873473854e-02 1.054685758970947296e+00
-7.365681749730914607e-01 6.207624037364914971e-01
1.655354915326064491e+00 -3.635084283010558415e-01
1.091172052671880000e+00 -4.991717019699561386e-01
-1.854374387708356831e-01 9.979296522378049428e-01
4.182844969168457161e-01 9.431941965493291224e-01
6.582089753514874797e-01 7.147668856015140237e-01
5.652324985234007393e-01 8.844891060707000818e-01
8.931249465738011484e-01 -4.778810535010630245e-01
6.161244610434750690e-01 -4.570794689878396877e-01
7.749376526400986176e-02 1.121240931170913724e+00
1.683517867647456312e-02 2.706764389692880579e-01
2.020570560267776483e-01 9.332718370844084177e-01
1.210820788192982445e+00 -5.594726480690576098e-01
7.722059607127625958e-01 6.232496067951537322e-01
1.950436891432060227e-01 9.554587444689008890e-01
9.382964123373026544e-01 4.133830961217359601e-01
1.733043145268259311e-01 3.722633512290396407e-02
4.241283530761201237e-01 9.203914789982743372e-01
-3.634458838628900484e-02 3.679447063261845896e-01
6.436640727034302900e-01 7.248923215997818970e-01
-9.133582517502301101e-01 2.572045766087555640e-01
1.827988757493232974e-01 1.553540134259155381e-01
4.858538440285427029e-01 -3.606556266702539704e-01
1.934244781322831841e+00 5.697139063930768688e-02
-8.797820857003275652e-01 4.400279145913804091e-01
7.658269232705257057e-01 5.619775333774292836e-01
1.559063678125750113e-02 9.264163473398243642e-01
1.140008855343044025e-01 -5.959190517582172580e-02
-8.276028362736980587e-03 1.027779465063841213e+00
1.678614426843378027e+00 -3.407763268553505309e-01
9.240826826627090984e-01 3.170528749283366143e-02
-6.201916585902690349e-01 8.125276999466859440e-01
6.074538480285194275e-01 8.476200958370769811e-01
1.624294852955788349e+00 -1.564826213914826680e-01
9.545931907277076939e-03 2.078732103612928594e-01
-8.305734597492748783e-01 5.430987911170206406e-01
1.948595503880452107e+00 1.978512471547860807e-01
-8.296002999072590312e-01 5.291569744130740771e-01
1.289347332284346503e+00 -4.697514808394202546e-01
-9.473632584063533812e-01 2.389679525904033763e-01
1.893798964070621427e+00 1.145333397160962080e-01
4.239101891314075443e-01 -2.645938382929414745e-01
2.425712030483783976e-01 1.034765527116269457e+00
8.699549052109090130e-01 5.086770767023784945e-01
1.397030862759416348e+00 -4.070982493222622400e-01
9.285154067017713508e-01 -4.820366824606174272e-01
7.909879830665890177e-01 -5.415442645357977369e-01
-5.460462011605680122e-01 8.804889066803491815e-01
1.074350807231872373e+00 1.086277958727060455e-01
2.595362377185368996e-01 1.028850378725198134e+00
-8.749525125786773438e-01 9.450242613180613593e-02
