-7.344434608084033922e-01 9.797437027565201184e-01
9.921434363545008628e-01 7.663813004517605609e-01
-7.270936303795056954e-01 -1.137889836909987462e+00
-1.289306939912677530e+00 -8.399404101319944971e-01
1.451861790138170516e+00 9.915485696678714156e-01
-8.356828575900407952e-01 -9.989414707401278459e-01
-1.447920811732347435e+00 -9.197001889819425013e-01
-1.081188345437696707e+00 1.144873700973992880e+00
-9.632149011319379728e-01 9.229020479248783992e-01
-8.658859099378179991e-01 8.584988604978845972e-01
-1.011226604089751513e+00 -1.000277008547019175e+00
1.184171764756163814e+00 1.063745530588604327e+00
1.432647189856137926e+00 1.267305589887278483e+00
-1.004684621004290346e+00 -7.841610543775021647e-01
-9.439116589367407828e-01 -1.198624722185916092e+00
9.728100598643358854e-01 1.227378272520539104e+00
9.803094951149134983e-01 8.673043427275785033e-01
-9.103609431153374398e-01 1.339236314565632080e+00
-1.328593058706121877e+00 9.187856407480335941e-01
1.079201342532329022e+00 7.813876982538988658e-01
1.030989485139383266e+00 1.075632503920434635e+00
8.393180671652318292e-01 8.620900444499598470e-01
-7.258021987417757614e-01 8.980313515723041817e-01
-9.271037501518988311e-01 1.294264391228467703e+00
1.138307750214037295e+00 1.138949828731201208e+00
-9.426191023993306661e-01 -1.464118855158148325e+00
1.157265592421795164e+00 9.067161806528113432e-01
-1.300479313876342635e+00 6.444666090532586988e-01
9.463993258097239680e-01 1.160491279159278966e+00
-1.011493903693079011e+00 9.217565895651966823e-01
7.999569305220870508e-01 6.910457806444776363e-01
1.057268737778455980e+00 1.121768766895090197e+00
1.041654995615372004e+00 1.195327807296742595e+00
-1.039679779364009127e+00 1.018838460062029272e+00
-1.353707690135406150e+00 -9.289036414512461537e-01
-1.181752649191810667e+00 -1.084863524195580187e+00
1.031301307593075034e+00 1.046436207240055261e+00
9.225346365184095010e-01 9.395394498849328757e-01
-1.011070509604477863e+00 9.472125302814624614e-01
-1.073011043309251455e+00 6.417344903917632237e-01
1.134458951402486981e+00 1.081492367248222175e+00
-1.011717310226772248e+00 9.364913812139601390e-01
-9.095021814720707365e-01 -9.804207709174745933e-01
9.793562296412884338e-01 1.082119700387674577e+00
-1.069249889529461983e+00 8.410727357857001873e-01
-9.406533655011772854e-01 1.165997231816220614e+00
1.171366122380538277e+00 8.697948813399706269e-01
6.127440388306986119e-01 1.037755719358765649e+00
-7.361726247396849221e-01 -1.176483763709983643e+00
-1.187576046230290228e+00 1.086621590630268752e+00
-1.326484660413596695e+00 9.865731690770956908e-01
7.017484814588788034e-01 1.087878340252907305e+00
6.772204304884097414e-01 9.574519439572062307e-01
-1.403281325559952109e+00 -1.107890926674900189e+00
1.033334699074505814e+00 1.127006287378421234e+00
-9.063229531445896603e-01 1.347175799537142726e+00
-1.026021390838740777e+00 -9.812093541228862348e-01
-1.053546707378793190e+00 -1.225602266294001375e+00
-9.322191749568110586e-01 -5.957912877030404619e-01
-1.118280533561622159e+00 1.224883836902073586e+00
-1.048267558290620904e+00 8.243619314379853069e-01
-1.339621163886450805e+00 -9.225439049209873676e-01
8.980695636496692780e-01 9.123851396777626910e-01
9.172762038480505309e-01 8.505090377118484923e-01
-1.179480185380366031e+00 1.262494073428199304e+00
-9.073739341362785371e-01 -9.441808471215092924e-01
-1.132011264026816511e+00 -9.648362093407943929e-01
-1.320367209794507390e+00 8.225638116309919035e-01
-1.170517169434129423e+00 1.004591951121590387e+00
-1.107054032906568786e+00 1.005081041677003295e+00
-1.157733850901873307e+00 1.218927674942418271e+00
-9.922738896319623914e-01 -1.331343020464390792e+00
-1.189497718981376018e+00 1.048888691192326528e+00
7.622281484431941978e-01 8.986367291402624913e-01
8.373271481591594290e-01 7.067151344394971835e-01
1.137963632906957567e+00 1.260369245912999592e+00
-1.288988039814674469e+00 7.578914011753297153e-01
-1.167535608381589096e+00 8.817633792471140097e-01
6.834123205329836193e-01 1.122075875821441082e+00
7.746348382486513140e-01 8.538644494270349883e-01
7.858494756978915419e-01 1.210890345386227418e+00
8.914277047966564504e-01 1.083210009252285166e+00
1.154358110242733382e+00 1.164700830792746222e+00
-5.306705938946876255e-01 7.441677785943483503e-01
-8.865419444294661000e-01 -1.044535020103031009e+00
-7.956418828822653388e-01 8.894918653166541400e-01
-1.187796314535557007e+00 1.203404198282648885e+00
1.138754630538026502e+00 9.680853123707465757e-01
1.019544993542971234e+00 1.116590735950658608e+00
-8.454610325795236525e-01 6.676803417770872384e-01
-1.364851331187566075e+00 1.060720780892400184e+00
-1.156525831165505114e+00 -1.022077859805377464e+00
4.894020368331842841e-01 1.130723719088072121e+00
-8.619141951233901811e-01 1.159334421672934212e+00
-8.136303251771392908e-01 -9.320070032397476112e-01
1.453950924797521527e+00 7.091268650802470264e-01
-1.038130698716279943e+00 -1.078969902806690140e+00
-9.003895190634286783e-01 9.947615525311499507e-01
-6.960010278468453659e-01 -6.560821385167610043e-01
-1.026210802308282544e+00 -7.733840240880556216e-01
-8.054928421714926401e-01 1.426773649440907565e+00
-1.084932660486573219e+00 8.340070804924075709e-01
-4.607551894872840004e-01 -1.014784933256082988e+00
-1.106497983841813637e+00 1.129011054691975380e+00
-1.037010734201868400e+00 -1.161529697523271176e+00
8.560791222896414476e-01 8.374014022891844711e-01
-1.026381727955993473e+00 -9.190476375919005569e-01
-1.186548182158875697e+00 -1.252613669820455078e+00
1.062613540330180184e+00 8.291808521396550891e-01
-1.020868698298938559e+00 8.023996115012530517e-01
-9.457659630725377964e-01 8.397006229211250172e-01
-8.941909523331136311e-01 1.084525724341765196e+00
8.185403271233515632e-01 1.010389079159227821e+00
-1.152422902384499626e+00 8.224439726728128841e-01
1.460783339536788406e+00 7.879968354556905474e-01
-9.059133710307036846e-01 1.062289414310831015e+00
-1.044495402048584154e+00 8.282160184384657065e-01
1.384588405296077074e+00 1.296102958286884821e+00
-1.095931162801589531e+00 -8.759283403312975169e-01
-8.398870393138005985e-01 -9.843479649676677434e-01
9.951347751202128666e-01 8.523938181588622820e-01
-8.113907825354964576e-01 -1.547935433437911179e+00
-1.062395221583242622e+00 8.319419209041386543e-01
-8.274807977343097143e-01 -1.531123818594986474e+00
-1.351178116687543840e+00 -9.098131076388170646e-01
-7.837247931083620722e-01 8.737248023101222838e-01
-1.081260626089012522e+00 8.271910017795260917e-01
-1.473917381045320552e+00 -8.271895399004703942e-01
-5.971879690163064414e-01 9.386468447945990334e-01
8.615900304431217682e-01 1.307275410849159547e+00
7.368185178976958127e-01 9.076830790370582491e-01
9.376894935745254678e-01 1.011233068445949179e+00
-8.603085701785327943e-01 -9.992458221827461573e-01
-1.101071663452882099e+00 8.368416916012056950e-01
-1.149938068940579372e+00 1.006561749522742355e+00
9.088934992965314041e-01 1.003495831805011340e+00
-9.421758989442375887e-01 1.082574164089235014e+00
1.122815874069216013e+00 1.184441334313305338e+00
-1.077374169370129309e+00 8.979414520732742488e-01
-8.115063761559212496e-01 -1.053518949247069569e+00
-9.338846487451252232e-01 1.189849294711647243e+00
-1.131710593361000772e+00 -1.102846793187997720e+00
1.376630139411251008e+00 7.304481877715107707e-01
1.128026305219518299e+00 6.766087911378331210e-01
-1.003136422320511034e+00 -9.678143663403554475e-01
8.695182835225959694e-01 9.218093249624798036e-01
-8.871982929852382238e-01 7.430895404014945527e-01
-8.140989777040943398e-01 -8.835550817204151919e-01
7.791233321143098411e-01 1.010433015852194805e+00
-8.789759831835666226e-01 -8.208888028897352029e-01
-9.604065420110065032e-01 1.216387043695453141e+00
-1.171794477688868463e+00 8.202115687068928240e-01
-7.229476906555538651e-01 9.393803493151854367e-01
7.685289481618292617e-01 9.375415497748613713e-01
-1.070686349751439836e+00 -1.323294837730206508e+00
9.943635543322689729e-01 1.085666374106083465e+00
-9.672142855094826297e-01 -9.807357288157606545e-01
1.125046290205437449e+00 6.795884688786504313e-01
-1.245324331879323232e+00 1.193489230010047031e+00
-9.880210633767447792e-01 9.574953910459381712e-01
8.590599448287532525e-01 1.188652144993898929e+00
-7.862981201367982287e-01 -1.090677160770277432e+00
1.079809269128026106e+00 4.454814487146699920e-01
7.414286180553102401e-01 1.053410173869836486e+00
-1.040579368153333517e+00 -1.021976555861862757e+00
-1.133544057271879790e+00 1.065392519080891498e+00
-1.009140792132046993e+00 -9.558984688485653303e-01
-9.609860605697237990e-01 -1.356312571141118362e+00
-1.018076401455389357e+00 -7.264805520386572457e-01
-8.272960683237370327e-01 8.390492518724261828e-01
-7.807306308668402473e-01 -1.046843160268907225e+00
-1.109142394803556364e+00 6.230828310041104379e-01
-1.281192583253579986e+00 -1.118011529173907892e+00
1.182035781618518300e+00 1.063443643038260333e+00
-1.457724008002905691e+00 -9.497031169956926533e-01
1.009151703460289262e+00 9.625632299948332360e-01
-1.229522188968627194e+00 9.283771849040286517e-01
-5.005599216825985520e-01 5.509356703257195509e-01
8.111107488163499246e-01 9.179900613594902392e-01
-5.766417957032649033e-01 6.778243193100133013e-01
-1.069490130499712643e+00 -1.116253695372064980e+00
1.195747596821147951e+00 1.448178639840291604e+00
-1.007153614372044315e+00 1.476149070243950145e+00
-1.139265330772216478e+00 9.419205798392266127e-01
8.510490355903119752e-01 8.347122922681970980e-01
-9.925988556179701217e-01 -8.464195184534593075e-01
-1.151574172085033210e+00 9.899831811430356288e-01
9.684665967672367870e-01 1.451344699459641951e+00
9.778918685535055166e-01 1.204034542343159986e+00
-9.268302424166283693e-01 1.259565053394717138e+00
-8.713371069874144004e-01 -1.314124681726690502e+00
-1.169664104561046525e+00 9.348661062359651108e-01
-1.020339454910974331e+00 1.003855876902615352e+00
-1.101503520331471364e+00 7.896239794896652286e-01
8.460167851109366977e-01 1.107849838258363473e+00
-1.002229122368368142e+00 1.002299779974012539e+00
-1.090260607420505234e+00 1.053137594993247106e+00
-1.266442330918900350e+00 -1.393724937957204091e+00
-1.099220466796512419e+00 9.850390034639318060e-01
-1.052329089142180152e+00 -1.036448956757988649e+00
7.459030003028532807e-01 1.193879341631602253e+00
-1.099803327598836589e+00 1.004270244768709741e+00
-9.258349997437795853e-01 -9.715876389625528464e-01
-7.349971894226369207e-01 1.041066512755592033e+00
-9.002619450180344707e-01 -7.904055688063894580e-01
-1.073110217997207405e+00 1.187618508181129240e+00
7.653753189771680399e-01 1.388724237129858485e+00
8.725125948895542383e-01 9.205456371342404243e-01
1.306555842871691464e+00 1.293871753980057049e+00
-1.348471239561846113e+00 -1.260648550822463188e+00
-1.171309861646841810e+00 6.916825200656424588e-01
1.098748355469837623e+00 9.767792121931266891e-01
9.876747195808704971e-01 9.785389447417650599e-01
-1.274151996508612106e+00 1.173130584563170764e+00
-8.359356405477156304e-01 -7.280102916641031374e-01
-1.041380735232794397e+00 -8.239642175838435278e-01
-9.294366787011243414e-01 9.694451152909182579e-01
-9.545214449757742914e-01 7.966522702780461929e-01
8.651334678685247415e-01 1.006366111654870332e+00
-1.197102147536830197e+00 -1.294367001492717328e+00
-8.942112763166835121e-01 1.049229557736968799e+00
1.298815814631521182e+00 9.589683472468397696e-01
1.025382418540723872e+00 1.080397872688940275e+00
-1.048403965974043839e+00 -6.963477659288588306e-01
-8.842957004542243427e-01 -9.300691086013651576e-01
-8.457188102646309158e-01 -7.941122342434465686e-01
1.373511792085313932e+00 1.181208931655077121e+00
-1.104315935598674692e+00 7.630626819176895559e-01
-1.131585218507359158e+00 1.193776527712610225e+00
-9.850827186912892719e-01 7.845801861192009952e-01
-1.075029423332256817e+00 -1.245239238356603773e+00
-9.896850114460221670e-01 1.173455325761685542e+00
-1.243587702318630139e+00 -1.060992727570884142e+00
-8.126515072929485495e-01 -7.175344587925114315e-01
-8.913376217224960874e-01 -9.121914084655915467e-01
7.687635136356174570e-01 1.156239620341998675e+00
-1.205987056661795398e+00 -1.069988672917820960e+00
-9.548836672862393016e-01 1.277829063135585530e+00
1.002100004144164114e+00 1.357174098781167126e+00
-9.448798652031886736e-01 1.287009877357830900e+00
-1.079045796530870849e+00 -1.231884103279982545e+00
-6.300817506640726817e-01 9.571666687599831302e-01
1.145818112435507352e+00 1.025796582151482061e+00
-1.159884479908619426e+00 1.048157501948387749e+00
-1.078477799629927292e+00 -1.609228610959985373e+00
-7.066842568851644524e-01 -8.294896121077536266e-01
-1.158457332361229053e+00 8.936788183977090183e-01
-1.201366350459796895e+00 1.336315343253465571e+00
-9.085168787558017822e-01 -1.192922402746745769e+00
-1.129436286369552178e+00 1.094449430017569780e+00
8.174355549111682606e-01 1.223403257619170681e+00
8.978389724862253507e-01 7.638735631755175781e-01
-1.227960491085354766e+00 -8.430084957518999556e-01
1.055984919808647726e+00 9.803699220714083840e-01
-1.418920614241228950e+00 -9.752556171532986706e-01
9.072808050707811267e-01 1.096296294754692369e+00
-9.898091445977420522e-01 6.411541457020557555e-01
-1.451112845880437874e+00 -1.204501368727120658e+00
-1.028715902343264155e+00 9.235949102099232366e-01
-1.130458719987003757e+00 -1.104237862460222264e+00
-1.137459807431332681e+00 -1.023494909283622301e+00
-1.089633072536141611e+00 -1.129867585546077580e+00
-7.637242797423428042e-01 -1.126380751601033570e+00
1.230466312956624009e+00 1.215923718407364351e+00
7.386946296529366407e-01 1.331626135923637655e+00
-8.284152151415327126e-01 -7.717796266684853190e-01
7.669700318433286812e-01 1.180165297390837420e+00
-1.368613910031329706e+00 -1.095594800808097347e+00
-9.982744202164847147e-01 -8.945991583090679988e-01
-7.799431323559252727e-01 -7.403956055347558074e-01
-1.183600953963809044e+00 -9.495006745846255036e-01
-7.197310337416080728e-01 9.179236412684258495e-01
-1.061822888954341737e+00 -1.046693332308738622e+00
1.104655332106350807e+00 9.656907337555503679e-01
9.863516789350738057e-01 1.342668544329873370e+00
1.476628954972788454e+00 1.188895897398082768e+00
1.028390632664155868e+00 9.361343165709810066e-01
-9.938796351322964906e-01 9.860716843106128726e-01
-1.087837904360429597e+00 -9.637323141564357876e-01
-1.014933595650229892e+00 1.051743288045949187e+00
-9.920466530827010132e-01 6.866010578276795506e-01
9.193646106053641187e-01 1.244489014076485489e+00
1.104212975290551624e+00 8.848424060373867306e-01
-1.137567522205736426e+00 -1.242815480618824076e+00
1.035485228450750528e+00 9.196438127583476119e-01
-7.691631939011961405e-01 1.034500883298573148e+00
-8.316737471852726493e-01 -1.049891716032189670e+00
1.104778204766841077e+00 1.017684417408932340e+00
-1.292346537652281580e+00 8.633120466422636863e-01
-9.187169012647586896e-01 9.613646596900320418e-01
-1.110861925314260201e+00 -1.094127531630958217e+00
9.292012177493031988e-01 7.250097413163962834e-01
7.705062695177795629e-01 9.124359910511131710e-01
-8.370960355024267274e-01 -9.882148821636740355e-01
8.277548629890594256e-01 1.382012990619806647e+00
-9.909731969135979757e-01 1.467924961204011503e+00
-9.769704253719815323e-01 -1.075829512575984470e+00
-8.118164770849772838e-01 1.081040816064577692e+00
-9.365678747414623029e-01 -8.959918770858263937e-01
1.172887239771901235e+00 8.515669959187115445e-01
6.918405971110750396e-01 1.012652398840066414e+00
1.190017683505117940e+00 9.697285583404604559e-01
-1.074140800644090676e+00 -1.189123159111258321e+00
-7.347076715268612279e-01 8.070787151587471842e-01
9.230240381637448976e-01 1.018870317863414865e+00
9.261636324115112284e-01 9.521241644848147390e-01
-1.170345839450718017e+00 1.364544720025592017e+00
-1.055286569003167418e+00 9.480846036331921356e-01
-1.058367472549572641e+00 -1.152298442362324593e+00
1.373511598029993452e+00 8.045444240247178191e-01
1.246058136145544282e+00 1.240475969756882346e+00
-9.601399606207069448e-01 -1.010120708192333128e+00
-1.119730787384597193e+00 -1.223179397192078799e+00
9.378227656603056461e-01 1.019480033253756579e+00
-7.177655872220776168e-01 1.157160765366234578e+00
-1.044521136189664023e+00 -1.182615843608359363e+00
1.071273279434880266e+00 1.141314633638389697e+00
-1.043908205666242761e+00 -1.216807324134386858e+00
-8.078613203078680582e-01 1.265812569307936508e+00
-6.703730135584879957e-01 -9.671544489025332147e-01
-1.152828784781288585e+00 -1.287558294760315691e+00
8.805367862069274354e-01 9.524156540527985992e-01
-8.489208608673323164e-01 1.173481482270983589e+00
9.304175701347694449e-01 1.031269793820795977e+00
-8.985522097780769268e-01 9.767540599225701392e-01
-1.113862410694037131e+00 -9.460191290118477037e-01
-9.037769747222329508e-01 1.551871022804316436e+00
-6.534557626161733301e-01 -8.630997786281618955e-01
8.258405701636236662e-01 8.842300670471169299e-01
8.743824880716841719e-01 9.037945763078424344e-01
1.219931919177422719e+00 1.131052746144519450e+00
-8.248334476825338601e-01 -1.023021493697445328e+00
9.129692896556724779e-01 1.369852745695868457e+00
-1.072319856156323858e+00 1.212917027225570266e+00
-8.127202912895080678e-01 8.948718813796120441e-01
-1.093772837593359082e+00 -1.440288257100111657e+00
8.712763194334218753e-01 5.553193695551146281e-01
-8.776145614537684825e-01 7.317006548833915325e-01
-6.814458491165031884e-01 9.482854736646457727e-01
-9.383337508081309730e-01 7.243833065871845278e-01
7.151878182034936415e-01 9.013360233275611311e-01
-1.055134106912111402e+00 -1.141945593169377604e+00
-1.088184526458518375e+00 -1.056071099036901773e+00
-1.310085869016696325e+00 -9.165362357936328586e-01
8.548805243072831184e-01 7.233272089209888955e-01
-9.431440658385570330e-01 -6.514662438688737511e-01
8.655079104448097915e-01 9.280893676918917645e-01
9.965959172277119027e-01 1.075830347111016438e+00
8.088109999014445606e-01 9.308036448601226809e-01
-1.163498619523245292e+00 7.197305413921378792e-01
1.189884161385152073e+00 1.017510248277038176e+00
-1.400843143099782973e+00 1.075375304170178570e+00
1.225327184421301396e+00 7.840136983273153781e-01
-9.520834480287216905e-01 9.260397667392393783e-01
-1.516559326593988954e+00 7.692099272695981371e-01
1.028808714232175570e+00 1.290854701392595061e+00
-1.133542544114111816e+00 1.336384348014627577e+00
-9.350260768407627765e-01 1.199423596158351923e+00
-1.389140616632791758e+00 8.174433011729416165e-01
-1.271956145100762825e+00 9.917198376884065469e-01
-1.043389913987329720e+00 -9.109213498210405602e-01
-7.428031985839413931e-01 -1.301399679642854412e+00
-9.290484613773564160e-01 -8.766226891213442229e-01
-1.284383974328087374e+00 1.399591215950001022e+00
-9.957875957315872606e-01 1.019890891406142419e+00
-9.046203262155555480e-01 1.029689916276015582e+00
-7.939123465168790306e-01 5.905352773884076090e-01
9.201101941474250090e-01 1.074011177569503817e+00
1.133276616406382775e+00 9.078560425222893526e-01
1.013303444476633564e+00 1.060494379547956223e+00
-7.742811870970862653e-01 -9.007998107312075176e-01
-1.259737344432618089e+00 1.255215069201237599e+00
9.734238844826088588e-01 9.404418241196543793e-01
-9.901010036699818828e-01 -9.012326447438087085e-01
1.059647634841211161e+00 1.265277179337406022e+00
-8.262073026206409043e-01 -9.446256188307744495e-01
1.075285106231125942e+00 7.801198418831610804e-01
-8.209479454220139916e-01 -7.250071867214020749e-01
-1.235525792496526165e+00 7.719607398130077236e-01
-1.183822688973988679e+00 1.038550769813043173e+00
1.152207545029398705e+00 1.024335003298565638e+00
-1.206528620378426009e+00 9.126503325083985541e-01
-1.120131511531557766e+00 -6.895513639902878245e-01
7.931514316431070855e-01 1.136318903656325485e+00
-8.466673636709827200e-01 -9.287414365055421950e-01
-1.022955064954159665e+00 1.061750248367322680e+00
-8.127108548337768079e-01 9.929809646260658873e-01
6.739603306067910582e-01 1.092556451105154869e+00
-1.531834447599348170e+00 -8.787360951281237842e-01
-8.601239032824365971e-01 7.877555425108181408e-01
-1.076929084628503563e+00 -1.088767218631039535e+00
-7.469844323822467658e-01 1.042299402546375653e+00
1.237605958470460399e+00 1.063388522384969948e+00
1.149437666840926298e+00 7.622110089592527560e-01
1.088772646549085232e+00 1.066734865474853411e+00
-1.194220914088896857e+00 -9.370365590968352532e-01
-8.374651915781915479e-01 1.117451875879965195e+00
1.054903271544787913e+00 8.218169834008943742e-01
1.080468328235509867e+00 8.630379818119373603e-01
-1.203608375057473090e+00 -1.015570951188170090e+00
-9.117934185453697715e-01 1.035758573146635886e+00
-1.153140438895617237e+00 1.111157392816574552e+00
8.807371923098983313e-01 9.894865407460907702e-01
-1.002971540670940520e+00 1.164281187404962337e+00
-1.072938708878337088e+00 -9.686592289455272509e-01
8.209066877612648527e-01 1.077380499571852335e+00
-7.154033006967788211e-01 1.079217316991311959e+00
1.298896908898273805e+00 5.860029949972934693e-01
-8.647078535276753186e-01 -1.076401791115564111e+00
7.331483057194492226e-01 7.306564988404888883e-01
-9.339929770979377155e-01 1.445188866347651757e+00
1.297650438759119895e+00 1.379177835206116587e+00
1.189450393554749574e+00 9.689979813818331289e-01
-9.548782691057792205e-01 -9.100575799536014809e-01
9.915657097418841825e-01 9.426225615220185095e-01
5.938631064437011053e-01 1.412898572271863884e+00
8.731355812638073033e-01 9.274517668025723527e-01
8.610864280537269266e-01 9.700730919344658920e-01
-7.550258871612680611e-01 -9.870287787312848060e-01
7.549128962339664017e-01 1.168872595280309401e+00
-9.975536032722365221e-01 1.313851922907181002e+00
-1.069592371184169277e+00 7.293222283704572373e-01
-9.280991200857979795e-01 9.710866366132527849e-01
-1.336243643098886658e+00 -1.177794271619089894e+00
1.391182461650138924e+00 1.078018664537585325e+00
-7.843605392571524337e-01 -1.511836933268819294e+00
-1.131292734994306270e+00 4.330890989450595363e-01
-5.977486637073725628e-01 -1.008919085291171358e+00
-8.488519422210915044e-01 8.921734726494019441e-01
-1.188873698164858883e+00 -9.523793704335375976e-01
1.115318163322988276e+00 9.583402488844010580e-01
-1.135605156312890163e+00 -7.404308418697802541e-01
-1.472834763428235938e+00 -9.959331636589513481e-01
-7.931180227036963570e-01 -1.199242528074213165e+00
-1.161125301507873520e+00 -1.223662384864326436e+00
-1.390360820296320465e+00 -1.131978345945899633e+00
7.494409279900147158e-01 1.155498071166382035e+00
-1.337646005554286477e+00 9.775068034880894929e-01
-1.093369109210552415e+00 -1.283381222625251894e+00
-1.160628277468325642e+00 9.071324617129016277e-01
9.732596880663121341e-01 1.215548761195252681e+00
1.235755914231930097e+00 9.640150328375298727e-01
-1.103503808502080741e+00 -1.195765971871753930e+00
-9.979301370867401655e-01 1.144006751868330563e+00
9.003935098615389876e-01 1.385906410763397156e+00
-8.139183007777767154e-01 9.649367195345960324e-01
-9.573039902179661942e-01 -1.241714730746644291e+00
1.085251746155620145e+00 1.135381607006049176e+00
7.902894069865814553e-01 7.159964125642048760e-01
-7.942129014810291876e-01 -1.014457401512000922e+00
-1.186031300504864383e+00 -1.035717818417465796e+00
-8.553799012524403445e-01 1.004922425049582291e+00
-1.044851786850327979e+00 -1.060449946091013951e+00
-9.560980888413909140e-01 1.078612586796018347e+00
-1.255937834640847850e+00 -1.117086240855554635e+00
-1.192100876326629644e+00 -1.158623472541534305e+00
-9.515764078029753659e-01 -1.177744051470726250e+00
-1.145808931758939053e+00 -9.606885198542429727e-01
-9.264910207955462385e-01 1.038062311518787917e+00
8.224428504739774715e-01 6.038407063552145848e-01
-9.092436174728631970e-01 -1.365948082200906244e+00
-8.820240358530960778e-01 -1.072771761994157913e+00
8.728307843242237851e-01 1.135286658989300035e+00
-1.017186153394322501e+00 -9.611414123908457174e-01
-7.021288075851039867e-01 1.104260749655142648e+00
1.352810469193532761e+00 1.080031441673444670e+00
-1.235831586127537518e+00 -7.397143856670478357e-01
-1.094006576540174969e+00 -1.043346294115107709e+00
8.520874007217373869e-01 1.308602919081347071e+00
-4.811150824463695796e-01 9.191935412298125607e-01
1.227880136908660269e+00 7.530348359292694527e-01
7.909493267706090291e-01 1.242229057936540260e+00
-1.022097881013185550e+00 -1.332139962373852793e+00
-9.067667147931938176e-01 -1.074048488140868507e+00
-6.522254645090977965e-01 -8.011211217369001991e-01
1.093132487946091969e+00 6.927512627445552296e-01
-1.013455121784596402e+00 -1.263679173928946797e+00
9.381974061905755669e-01 6.647992387340047049e-01
-1.269585084525824081e+00 -1.152314677651311792e+00
-9.552312873374178004e-01 -9.340754035744524009e-01
-1.100563340128507761e+00 -5.175092640912501984e-01
-1.326526905246899091e+00 -1.313553544861690847e+00
9.763671909742860366e-01 8.639643592006298611e-01
-9.234535139975463824e-01 -1.006848456106390843e+00
-1.136802179547443226e+00 -6.680898407620254886e-01
-1.140984270501488984e+00 1.135994968849020514e+00
-1.186557808301287764e+00 1.248663876891030977e+00
-6.490027692515882851e-01 9.734023155380816528e-01
-9.296439778637283213e-01 -9.241528932928826379e-01
-1.090760808210400334e+00 -9.193470919673506492e-01
-1.210925692797002906e+00 -8.359504325350637366e-01
6.587459618749974544e-01 1.390155079046357933e+00
-9.633321601484797769e-01 -6.658113934422285052e-01
-1.106540558395910923e+00 1.218149946886899926e+00
-8.560032539713668953e-01 7.794187574089260773e-01
-7.976315134011622288e-01 8.684097910477662774e-01
-6.973343834853589218e-01 -8.893735871584831365e-01
8.373707435911091901e-01 6.547434795336646296e-01
1.154650595480519959e+00 7.632238719613364530e-01
-9.530356948102536307e-01 1.426430682114088633e+00
